256
256
20
25
65 0 0 25
66 1 0 25
67 2 0 25
68 3 0 25
69 4 0 25
70 5 0 25
71 6 0 25
72 7 0 25
73 8 0 25
74 9 0 25
75 0 1 25
76 1 1 25
77 2 1 25
78 3 1 25
79 4 1 25
80 5 1 25
81 6 1 25
82 7 1 25
83 8 1 25
84 9 1 25
85 0 2 25
86 1 2 25
87 2 2 25
88 3 2 25
89 4 2 25
90 5 2 25
97 0 3 25
98 1 3 25
99 2 3 25
100 3 3 25
101 4 3 25
102 5 3 25
103 6 3 25
104 7 3 25
105 8 3 25
106 9 3 25
107 0 4 25
108 1 4 25
109 2 4 25
110 3 4 25
111 4 4 25
112 5 4 25
113 6 4 25
114 7 4 25
115 8 4 25
116 9 4 25
117 0 5 25
118 1 5 25
119 2 5 25
120 3 5 25
121 4 5 25
122 5 5 25
48 0 6 25
49 1 6 25
50 2 6 25
51 3 6 25
52 4 6 25
53 5 6 25
54 6 6 25
55 7 6 25
56 8 6 25
57 9 6 25
46 0 7 25
44 1 7 25
47 2 7 25
37 3 7 25
35 4 7 25
64 5 7 25
45 6 7 25
43 7 7 25
92 8 7 25
123 7 9 25
124 9 7 25
125 8 9 25
38 0 8 25
60 1 8 25
62 2 8 25
91 3 8 25
93 4 8 25
40 5 8 25
41 6 8 25
39 7 8 25
34 8 8 25
33 9 8 25
63 0 9 25
58 1 9 25
59 2 9 25
95 3 9 25
61 4 9 25
94 5 9 25
126 6 9 25
